1 
11 
2 
949 
759 
848 
511 
830 
746 
846 
1164 
867 
721 
1200 
115 
942 
1217 
1297 
1220 
1226 
1019 
887 
1026 
1307 
991 
1140 
825 
865 
951 
1236 
1041 
1394 
1005 
1395 
1412 
1333 
1011 
1004 
898 
854 
874 
1112 
1343 
1319 
1292 
1090 
1447 
710 
1158 
1194 
1326 
830 
846 
816 
1344 
1322 
1151 
1300 
1290 
1273 
1319 
1357 
1458 
701 
1388 
1082 
1311 
885 
1044 
910 
1339 
907 
1168 
1404 
1405 
1329 
691 
739 
862 
1328 
1395 
1359 
1207 
1408 
740 
1184 
904 
1069 
1373 
894 
860 
905 
875 
859 
1347 
1341 
1302 
1313 
703 
897 
1298 
888 
1112 
1344 
1395 
1383 
773 
926 
1316 
1145 
1496 
1174 
870 
1478 
946 
1278 
1387 
1354 
1346 
1360 
1136 
1072 
1316 
1322 
1312 
1304 
1462 
1567 
1361 
1712 
1567 
1476 
1618 
976 
1617 
1468 
1305 
815 
1705 
1676 
1513 
1621 
1644 
1370 
1620 
1540 
949 
1431 
1663 
1266 
1322 
1637 
862 
1742 
1721 
1652 
1204 
880 
1292 
1572 
1530 
1338 
1377 
1032 
1536 
1308 
1614 
928 
898 
1557 
1524 
1566 
952 
1309 
788 
1484 
1424 
1161 
1260 
1603 
1540 
1661 
1154 
1006 
1607 
1071 
1429 
1327 
1625 
1651 
819 
982 
1323 
1549 
1497 
1566 
1537 
1428 
1622 
1130 
1710 
1666 
1675 
1709 
1210 
846 
1570 
1102 
1680 
1523 
1479 
1597 
1648 
1486 
1554 
1700 
1595 
1195 
1647 
1529 
1653 
1141 
1426 
1834 
1722 
1576 
1028 
1761 
1839 
945 
1438 
1645 
1568 
1446 
1737 
1722 
1114 
1001 
1429 
959 
1729 
1256 
1596 
1648 
1338 
955 
1497 
931 
1012 
1048 
1293 
1648 
1447 
1490 
1261 
1546 
1605 
1604 
1640 
1621 
1727 
1586 
1515 
1488 
1626 
1396 
1628 
1713 
1620 
1533 
1552 
1536 
1463 
0 
1764 
1996 
1901 
1127 
1761 
1662 
1896 
1668 
2243 
1752 
1039 
1811 
2098 
1907 
1791 
1682 
1283 
1720 
2183 
1247 
1785 
2238 
1809 
1750 
1815 
1961 
1620 
1606 
2029 
1479 
1548 
1164 
1828 
1342 
1011 
2074 
1848 
1743 
1703 
1043 
1630 
1792 
1706 
1698 
1762 
1758 
1561 
2123 
1656 
1586 
1847 
2359 
1829 
2022 
1616 
1992 
1989 
1353 
2141 
1771 
2037 
2031 
1978 
1779 
2137 
1499 
1950 
1873 
1543 
1409 
1684 
1949 
1887 
2122 
1522 
1158 
1857 
1450 
1227 
1017 
2273 
1696 
1603 
1505 
1910 
1665 
1775 
1372 
1871 
928 
1894 
1684 
1933 
2034 
1601 
1674 
1956 
1911 
2168 
2086 
1671 
1212 
1775 
1996 
1888 
1982 
1703 
1729 
2127 
1631 
1572 
1956 
1245 
1680 
1923 
1898 
1970 
1749 
1800 
1597 
1584 
1873 
1540 
2050 
1773 
1877 
1772 
2014 
1562 
1892 
1780 
2022 
1831 
1066 
1938 
1314 
1621 
1764 
1822 
1076 
1964 
1170 
1852 
1492 
2102 
1660 
2012 
2052 
2135 
2064 
1945 
1729 
1871 
1800 
1241 
1958 
2303 
1964 
1590 
1522 
1852 
2053 
1698 
1601 
1864 
2037 
1773 
1546 
1771 
2150 
2141 
1603 
1777 
1553 
1535 
1679 
1616 
1503 
1389 
1671 
2055 
1580 
2044 
2012 
1700 
2216 
1704 
1432 
1633 
2265 
1663 
937 
1336 
1067 
1456 
893 
927 
1100 
860 
1146 
1411 
1086 
1347 
947 
1509 
1160 
1188 
1236 
210 
1058 
936 
1311 
1376 
873 
1225 
934 
1438 
1323 
921 
902 
891 
1350 
1020 
1336 
1363 
1432 
1442 
1593 
861 
825 
1500 
1230 
1608 
1494 
1131 
1531 
1457 
1459 
1421 
1541 
1452 
1194 
853 
1048 
1521 
1208 
1469 
1091 
1566 
1136 
837 
820 
1538 
1326 
1480 
1414 
1332 
1551 
1621 
893 
640 
1356 
1477 
1443 
1532 
1434 
1683 
1489 
925 
1456 
1069 
1122 
1638 
1438 
1432 
1356 
1223 
879 
862 
1285 
1462 
1503 
1348 
1312 
1499 
1591 
873 
1576 
1321 
1515 
1224 
1529 
1400 
1587 
1500 
1521 
1573 
1311 
1427 
854 
1457 
1076 
1558 
1321 
1351 
1542 
1285 
1550 
1511 
1031 
1467 
977 
919 
1522 
1179 
1535 
853 
1635 
966 
1473 
1491 
1513 
1849 
1690 
1820 
1926 
1578 
1602 
1468 
1349 
1795 
1333 
1981 
1250 
977 
1894 
1983 
1722 
1207 
1174 
1807 
1818 
1697 
1755 
1660 
1776 
1904 
1983 
1774 
1285 
1617 
1972 
1726 
1061 
1116 
1961 
1947 
1726 
1144 
1890 
1930 
1846 
2075 
1807 
1624 
1994 
1200 
1690 
1713 
1575 
1699 
1602 
1661 
1779 
1584 
1146 
1276 
1844 
1854 
1127 
1279 
1276 
1768 
1705 
1985 
1640 
1844 
1746 
1528 
1825 
1803 
1374 
1705 
1850 
1630 
1676 
1756 
1781 
1834 
2044 
1483 
1315 
1778 
1995 
1618 
969 
1739 
1454 
1855 
1778 
1169 
1914 
1145 
1276 
1683 
1284 
1075 
1635 
1799 
1114 
1813 
1302 
990 
2056 
1952 
1699 
2012 
988 
1639 
1968 
1751 
1208 
1852 
1832 
1723 
1685 
1748 
1757 
1861 
1802 
1823 
1011 
1745 
1333 
1842 
1751 
842 
790 
815 
833 
657 
984 
778 
1288 
1035 
847 
903 
799 
882 
1024 
785 
883 
203 
830 
1246 
786 
1262 
1082 
839 
1049 
890 
989 
847 
857 
174 
792 
977 
156 
1347 
844 
1436 
942 
958 
786 
982 
779 
903 
794 
632 
1463 
1357 
1069 
860 
1520 
1852 
1575 
1436 
1458 
1719 
1783 
882 
1363 
1948 
963 
1433 
798 
1040 
1935 
1819 
1674 
1385 
1835 
1873 
1626 
1609 
1630 
1512 
987 
1654 
1505 
1592 
1473 
816 
1272 
1569 
1560 
1658 
1625 
1127 
1798 
1669 
1525 
1806 
1497 
1092 
1458 
1400 
1597 
1668 
1723 
1186 
1089 
1530 
1135 
1762 
1810 
1566 
1782 
1474 
1667 
1551 
1237 
1577 
1648 
1513 
1579 
1775 
1635 
1788 
1816 
1477 
1355 
1853 
1748 
1266 
1562 
1605 
1664 
1598 
1674 
1494 
1599 
1116 
1664 
1438 
1802 
838 
1388 
1260 
1198 
1071 
1372 
1716 
1560 
1707 
1565 
1549 
1800 
1740 
1320 
1616 
1246 
1575 
655 
1379 
1671 
1229 
1297 
1737 
1786 
1843 
1243 
1367 
905 
1248 
1421 
1642 
1581 
794 
1458 
1644 
1074 
898 
1220 
1823 
1954 
1784 
1828 
1161 
1305 
1196 
1656 
1352 
989 
1448 
1699 
1812 
1453 
1131 
1722 
1692 
1622 
1391 
1640 
1465 
1155 
1081 
1296 
1906 
1013 
1700 
1836 
889 
1505 
1472 
1500 
1197 
865 
1349 
1664 
1524 
1874 
1457 
1719 
1687 
1671 
815 
1325 
1781 
843 
1748 
1795 
1352 
1668 
1808 
1412 
1454 
1691 
856 
1056 
1683 
1316 
1682 
1072 
1781 
1429 
1722 
1792 
1441 
1618 
1645 
1341 
1661 
1609 
1621 
1557 
1218 
1268 
1450 
941 
1211 
998 
1519 
1428 
1768 
1835 
1416 
950 
1818 
1146 
1594 
1504 
1708 
1789 
1461 
268 
1177 
1635 
1571 
1895 
2149 
2065 
1819 
2121 
1598 
2205 
1934 
2061 
1866 
2148 
2106 
1327 
1912 
2115 
2175 
1498 
2181 
1795 
1322 
1331 
1296 
2074 
2081 
1823 
1913 
1410 
1589 
2028 
1568 
2189 
2158 
2054 
1974 
2173 
1335 
2150 
2156 
860 
1561 
1092 
2193 
2150 
1360 
1867 
1640 
1369 
1927 
1240 
1525 
975 
1536 
1486 
1426 
1161 
1429 
1514 
1172 
1161 
1610 
1569 
1488 
1430 
961 
1388 
993 
873 
1527 
1478 
845 
1400 
1406 
843 
1581 
1498 
1472 
1508 
1539 
1533 
1656 
842 
851 
1341 
1168 
1457 
1510 
1568 
1488 
1700 
1416 
955 
840 
1504 
1557 
1535 
1011 
1074 
1527 
1085 
1149 
1493 
862 
1123 
942 
1480 
1345 
1355 
866 
1161 
1585 
1135 
967 
1072 
978 
1517 
828 
1592 
884 
1019 
1361 
1413 
1516 
1151 
847 
969 
1346 
867 
1495 
1549 
971 
1126 
1561 
823 
1479 
1555 
1547 
1561 
1420 
1454 
1512 
1572 
954 
1510 
1371 
1514 
1336 
1393 
1581 
1084 
1634 
1107 
846 
1571 
0 
1537 
1050 
1158 
1453 
964 
992 
1525 
1680 
906 
1134 
835 
1552 
1571 
401 
981 
867 
1139 
1445 
1362 
1592 
1242 
1652 
895 
1230 
864 
1521 
903 
1682 
1165 
1452 
1553 
1331 
1584 
1568 
874 
1207 
1484 
1478 
1463 
1600 
871 
1483 
1088 
1430 
977 
1151 
1145 
1331 
1166 
1049 
1318 
804 
1480 
1544 
831 
1413 
796 
1574 
1085 
1501 
1577 
1475 
1290 
1521 
1485 
864 
1120 
1573 
1434 
1531 
1527 
1476 
1539 
1516 
1393 
1398 
1608 
1051 
1602 
1477 
1354 
1216 
829 
1425 
1564 
1290 
1309 
1444 
1175 
1007 
1395 
820 
1523 
1563 
1472 
1577 
1492 
1585 
1617 
1569 
1238 
1019 
1532 
1301 
1583 
1369 
1516 
1530 
1047 
1578 
1198 
1052 
913 
1135 
1290 
1104 
1440 
940 
945 
528 
1262 
979 
1122 
935 
1475 
897 
1652 
894 
886 
1478 
926 
1856 
1092 
1781 
1862 
1781 
1734 
1817 
1705 
1491 
1745 
1752 
1777 
1543 
1810 
1616 
1241 
1816 
1730 
1746 
1869 
1474 
1785 
1863 
1849 
1779 
960 
1759 
691 
173 
1843 
1749 
1722 
2054 
1827 
1895 
873 
664 
1827 
1999 
184 
1893 
1271 
1748 
1474 
1096 
1436 
1789 
1584 
1811 
1827 
1244 
1232 
1573 
1166 
1733 
1767 
1761 
1900 
1488 
1955 
1247 
1126 
1985 
2071 
1146 
1298 
1427 
1117 
2080 
1931 
1405 
2027 
1923 
1971 
1080 
1396 
1905 
1811 
1931 
1776 
1620 
2074 
1928 
1102 
1883 
1465 
1559 
1985 
1860 
1126 
1946 
1103 
1639 
1924 
1135 
2174 
1946 
1414 
1299 
1638 
1007 
1377 
1573 
1612 
1772 
1739 
1543 
1088 
933 
1058 
1128 
1326 
1677 
861 
1696 
1369 
1375 
932 
1509 
1014 
1886 
1843 
1817 
1511 
1535 
1576 
1506 
1654 
1580 
1954 
1614 
1981 
1612 
1645 
1764 
1620 
1584 
1461 
1374 
1510 
1583 
1275 
1549 
1718 
1695 
1236 
1556 
1159 
1340 
1501 
1544 
1640 
1246 
1515 
1746 
1705 
1589 
899 
1510 
1468 
1139 
1381 
1955 
1493 
1598 
1276 
1749 
1499 
1521 
1108 
1592 
1754 
1505 
1709 
1611 
1977 
1544 
1559 
1667 
976 
1511 
1788 
1391 
1440 
1503 
1817 
1638 
1818 
1001 
1679 
1099 
1541 
1589 
1284 
1553 
1663 
1370 
1487 
1523 
1486 
1676 
1721 
1867 
1610 
1723 
1529 
1285 
1180 
984 
1369 
1763 
1687 
1066 
1813 
1572 
1554 
1682 
1600 
1708 
1575 
1646 
1515 
1521 
1724 
1550 
1614 
1742 
1757 
1544 
1058 
1557 
1133 
1550 
1634 
1070 
1571 
1421 
1388 
1494 
1678 
1460 
1164 
910 
1458 
1342 
1539 
1511 
1554 
1663 
1427 
1797 
1296 
501 
1567 
1874 
1074 
1586 
1750 
1364 
1609 
854 
1591 
831 
1155 
1214 
1561 
1505 
1780 
1884 
1605 
1558 
1664 
1697 
1364 
1504 
1692 
1393 
1486 
1524 
1414 
1657 
1651 
1359 
1473 
1259 
1486 
1626 
1536 
1523 
1555 
1710 
1948 
1663 
1357 
1055 
1579 
1594 
1568 
1559 
1861 
925 
1529 
870 
1330 
998 
1051 
1554 
998 
1521 
941 
1668 
858 
1795 
1269 
1219 
1471 
1508 
1559 
1516 
1774 
1080 
1578 
1792 
1288 
1541 
1082 
1597 
1006 
1534 
1736 
1416 
1745 
1809 
1429 
1566 
998 
1761 
1418 
1467 
1368 
1140 
1355 
1673 
1142 
1049 
1461 
1647 
1716 
1318 
1579 
1632 
902 
1817 
1587 
905 
1799 
1482 
1448 
1029 
1450 
1636 
1112 
1928 
1664 
1556 
1423 
1610 
1464 
1783 
1531 
1516 
1474 
1551 
1407 
1461 
1499 
1613 
1538 
1672 
1542 
1701 
1171 
1474 
1547 
1441 
1397 
1010 
1383 
1185 
1826 
1789 
1573 
1276 
989 
1585 
1538 
1273 
1626 
1357 
1266 
1771 
1493 
1664 
1531 
1613 
1549 
1428 
1350 
1636 
1322 
1692 
1642 
1473 
1593 
1215 
1401 
1473 
1560 
896 
1223 
1107 
1083 
1794 
1415 
1637 
1343 
1535 
1636 
1581 
1364 
1761 
1389 
1689 
1714 
1348 
1216 
1699 
1820 
1209 
1271 
1194 
1480 
231 
892 
1442 
1334 
1797 
872 
1112 
1655 
1225 
1838 
1755 
1369 
855 
1566 
1527 
1596 
1492 
1388 
1441 
1250 
1429 
904 
1486 
1456 
1902 
1664 
1756 
1433 
1708 
1634 
964 
1342 
887 
977 
1390 
1061 
1608 
1170 
1734 
1490 
1416 
1574 
0 
5 
0 
992 
770 
985 
751 
1022 
810 
793 
781 
477 
1463 
1532 
1634 
1629 
1102 
852 
1578 
1613 
1426 
1405 
1355 
1445 
1456 
1477 
1398 
1563 
1505 
1080 
1606 
1534 
1000 
1430 
1005 
1340 
1475 
924 
1216 
1181 
1509 
1027 
1532 
1347 
1511 
1132 
1502 
1316 
1520 
1539 
1435 
992 
1720 
1530 
1532 
1584 
993 
1408 
1516 
1539 
881 
1099 
883 
1551 
897 
854 
1679 
1601 
1273 
1512 
1578 
907 
1619 
1572 
1605 
914 
1505 
1458 
940 
1109 
1347 
1619 
1357 
1526 
1019 
1366 
1648 
1457 
1356 
1483 
1526 
1736 
1541 
1746 
1564 
1452 
1213 
1328 
897 
1471 
1570 
1711 
1389 
1502 
1463 
845 
1455 
1491 
1179 
1306 
1356 
1625 
1653 
913 
1352 
1402 
948 
1558 
843 
1498 
1119 
1544 
1494 
1624 
1657 
1506 
0 
1030 
257 
805 
953 
771 
791 
748 
755 
933 
784 
980 
732 
945 
931 
1448 
1095 
1321 
1508 
1534 
910 
1150 
848 
1362 
1174 
1390 
1518 
1303 
1420 
757 
1101 
1549 
1302 
917 
1450 
1375 
998 
1209 
1132 
1534 
968 
907 
1398 
1228 
941 
1374 
1423 
1389 
969 
1373 
1120 
922 
1434 
870 
1475 
1201 
1032 
936 
1378 
1413 
1140 
1326 
447 
1410 
1536 
1370 
1536 
1448 
1349 
1367 
1246 
979 
747 
1092 
206 
1258 
1612 
1091 
851 
1309 
1292 
1058 
1045 
857 
1208 
1505 
1017 
852 
1670 
1532 
877 
1476 
874 
1478 
1161 
1025 
1674 
1020 
1513 
1031 
1380 
1589 
1276 
1656 
1043 
1596 
1521 
1486 
1479 
1647 
1454 
1530 
1552 
1466 
1617 
1546 
1288 
0 
13 
1267 
1070 
1706 
1851 
1513 
1766 
2024 
1091 
1075 
2181 
1937 
1771 
2006 
1941 
1080 
1745 
1191 
1812 
1844 
2127 
1849 
1688 
1029 
2008 
1915 
1245 
1983 
2037 
1144 
1292 
1606 
1751 
1737 
1334 
1366 
1975 
1317 
1673 
1767 
1909 
1663 
2067 
1613 
1041 
2265 
1664 
1127 
1795 
1836 
1735 
1894 
2077 
1220 
1873 
1013 
1927 
1607 
1900 
1766 
1465 
1893 
1763 
2001 
2009 
2057 
1609 
1962 
1946 
2138 
1782 
1360 
1867 
2014 
1815 
1220 
1970 
2295 
1674 
1823 
2109 
1732 
962 
1649 
1760 
1557 
1712 
1972 
2048 
1830 
1045 
1715 
1775 
1287 
1400 
1635 
871 
1815 
1776 
2266 
1800 
1743 
1249 
2019 
1765 
1857 
1908 
1729 
1255 
625 
2183 
1792 
1775 
1579 
2049 
2078 
1944 
1975 
1913 
1843 
1165 
1762 
1064 
2161 
2053 
1115 
1906 
1302 
1720 
1718 
1794 
1613 
1753 
1111 
2124 
1752 
2298 
1923 
1922 
1077 
1839 
1821 
1163 
2048 
1993 
1831 
2018 
1585 
998 
1259 
2084 
1786 
1211 
1759 
1380 
1582 
1608 
1157 
1658 
1579 
1697 
1989 
2205 
1281 
1064 
1393 
2005 
2075 
